13
15
15
15
15
15
15
15
15
15
15
15
15
15
15
15
15
15
15
15
15
15
15
15
15
15
15
14
18
1
1
1
1
1
1
1
1
1
1
1
1
4
3
1
1
1
1
1
1
1
1
1
1
1
1
17
18
1
9
6
6
10
1
9
6
6
6
10
1
4
3
1
9
6
6
6
10
1
9
6
6
10
1
17
18
2
4
0
0
3
1
4
0
0
0
3
1
4
3
1
4
0
0
0
3
1
4
0
0
3
2
17
18
1
8
5
5
7
1
8
5
5
5
7
1
8
7
1
8
5
5
5
7
1
8
5
5
7
1
17
18
1
1
1
1
1
1
1
1
1
1
1
1
1
1
1
1
1
1
1
1
1
1
1
1
1
1
17
18
1
9
6
6
10
1
9
10
1
9
6
6
6
6
6
6
10
1
9
10
1
9
6
6
10
1
17
18
1
8
5
5
7
1
4
3
1
8
5
5
10
9
5
5
7
1
4
3
1
8
5
5
7
1
17
18
1
1
1
1
1
1
4
3
1
1
1
1
4
3
1
1
1
1
4
3
1
1
1
1
1
1
17
18
6
6
6
6
10
1
4
8
6
6
10
0
4
3
0
9
6
6
7
3
1
9
6
6
6
6
17
18
0
0
0
0
3
1
4
9
5
5
7
0
8
7
0
8
5
5
10
3
1
4
0
0
0
0
17
18
0
0
0
0
3
1
4
3
0
0
0
0
0
0
0
0
0
0
4
3
1
4
0
0
0
0
17
18
0
0
0
0
3
1
4
3
0
0
0
0
0
0
0
0
0
0
4
3
1
4
0
0
0
0
17
18
0
0
0
0
3
1
8
7
0
0
0
0
0
0
0
0
0
0
8
7
1
4
0
0
0
0
17
18
0
0
0
0
3
1
0
0
0
0
0
21
20
19
0
0
0
0
0
0
1
4
0
0
0
0
17
18
0
0
0
0
3
1
9
10
0
0
0
0
0
0
0
0
0
0
9
10
1
4
0
0
0
0
17
18
0
0
0
0
3
1
4
3
0
0
0
0
0
0
0
0
0
0
4
3
1
4
0
0
0
0
17
18
0
0
0
0
3
1
4
3
0
0
0
0
0
0
0
0
0
0
4
3
1
4
0
0
0
0
17
18
0
0
0
0
3
1
4
3
0
9
6
6
6
6
6
6
10
0
4
3
1
4
0
0
0
0
17
18
5
5
5
5
7
1
8
7
0
8
5
5
10
9
5
5
7
0
8
7
1
8
5
5
5
5
17
18
1
1
1
1
1
1
1
1
1
1
1
1
4
3
1
1
1
1
1
1
1
1
1
1
1
1
17
18
1
9
6
6
10
1
9
6
6
6
10
1
4
3
1
9
6
6
6
10
1
9
6
6
10
1
17
18
1
8
5
10
3
1
8
5
5
5
7
1
8
7
1
8
5
5
5
7
1
4
9
5
7
1
17
18
2
1
1
4
3
1
1
1
1
1
1
1
1
22
1
1
1
1
1
1
1
4
3
1
1
2
17
18
6
10
1
4
3
1
9
10
1
9
6
6
6
6
6
6
10
1
9
10
1
4
3
1
9
6
17
18
5
7
1
8
7
1
4
3
1
8
5
5
10
9
5
5
7
1
4
3
1
8
7
1
8
5
17
18
1
1
1
1
1
1
4
3
1
1
1
1
4
3
1
1
1
1
4
3
1
1
1
1
1
1
17
18
1
9
6
6
6
6
7
8
6
6
10
1
4
3
1
9
6
6
7
8
6
6
6
6
10
1
17
18
1
8
5
5
5
5
5
5
5
5
7
1
8
7
1
8
5
5
5
5
5
5
5
5
7
1
17
18
1
1
1
1
1
1
1
1
1
1
1
1
1
1
1
1
1
1
1
1
1
1
1
1
1
1
17
11
16
16
16
16
16
16
16
16
16
16
16
16
16
16
16
16
16
16
16
16
16
16
16
16
16
16
12
